 -1.11997117e+00 4.28777551e-02 0.00000000e+00
 2.33144836e-02 -1.41635883e-01 0.00000000e+00
 -5.96012049e-01 -3.56240993e-02 0.00000000e+00
 8.09766046e-01 -1.86373363e+00 0.00000000e+00
 -1.01860419e+00 -3.49957429e-01 0.00000000e+00
 -1.51089063e+00 1.38996266e-01 0.00000000e+00
 -1.92299409e+00 -9.49726760e-01 0.00000000e+00
 -6.12119195e-01 -5.91089189e-01 0.00000000e+00
 1.53448789e+00 4.82172011e-01 0.00000000e+00
 6.69755705e-02 7.10490309e-01 0.00000000e+00
 4.00322665e-01 -1.14786914e+00 0.00000000e+00
 -4.51218396e-01 1.69208662e+00 0.00000000e+00
 -1.14709720e+00 4.60400293e-02 0.00000000e+00
 4.14521574e-01 -1.53123970e-01 0.00000000e+00
 -7.01876287e-01 -7.59966297e-01 0.00000000e+00
 -2.13157049e-01 3.68303349e-01 0.00000000e+00
 -1.03429280e+00 -1.82218508e+00 0.00000000e+00
 7.93069986e-01 1.11733955e+00 0.00000000e+00
 9.08958684e-02 -9.68463734e-01 0.00000000e+00
 -7.74591695e-01 1.98905157e+00 0.00000000e+00
 1.28002214e+00 -3.78981544e-01 0.00000000e+00
 1.02737543e+00 1.42822375e-01 0.00000000e+00
 4.93590940e-01 -1.35875624e+00 0.00000000e+00
 -1.77117704e+00 6.28311761e-01 0.00000000e+00
 -4.77294010e-03 1.15280573e+00 0.00000000e+00
 1.11652952e+00 -1.46625649e+00 0.00000000e+00
 -1.27332892e+00 4.62920180e-01 0.00000000e+00
 1.72805107e+00 6.39167160e-01 0.00000000e+00
 6.03094225e-01 -1.15431970e-01 0.00000000e+00
 1.74529466e-01 1.20492405e+00 0.00000000e+00
 -9.56115016e-01 1.43803602e+00 0.00000000e+00
 -2.00345775e-01 -2.45498305e+00 0.00000000e+00
 -3.78112010e-01 1.81727570e-01 0.00000000e+00
 -8.68372149e-01 1.64946304e+00 0.00000000e+00
 -1.30369253e+00 -4.60067140e-01 0.00000000e+00
 -1.95293175e+00 8.89489886e-02 0.00000000e+00
 -1.81390783e-01 -6.90525997e-01 0.00000000e+00
 -6.25257931e-01 -5.80638774e-01 0.00000000e+00
 -1.92439888e-01 -4.13913125e-01 0.00000000e+00
 -3.81879802e-01 -1.48237643e+00 0.00000000e+00
 9.35364259e-01 -4.94999385e-01 0.00000000e+00
 -2.49973855e-01 -5.06911469e-01 0.00000000e+00
 -1.41607332e+00 -8.49072141e-01 0.00000000e+00
 1.01735854e+00 -1.38004597e+00 0.00000000e+00
 5.33112695e-01 -9.30783450e-01 0.00000000e+00
 -4.28804744e-02 1.30239215e-01 0.00000000e+00
 -1.17838152e+00 1.48671699e+00 0.00000000e+00
 -1.02680645e-01 -1.65221393e+00 0.00000000e+00
 7.16869643e-01 -2.76917933e-02 0.00000000e+00
 1.26413390e+00 9.38782807e-01 0.00000000e+00
 -1.77491343e+00 -6.86355063e-01 0.00000000e+00
 -7.81506954e-01 3.19921536e-01 0.00000000e+00
 2.11752537e-01 -8.94820578e-01 0.00000000e+00
 1.63486193e+00 -1.12871050e+00 0.00000000e+00
 2.17543860e+00 -1.07925475e-01 0.00000000e+00
 1.20685925e-01 2.57547555e-01 0.00000000e+00
 -5.65690327e-02 9.54669669e-01 0.00000000e+00
 1.53333546e+00 8.42262638e-02 0.00000000e+00
 -2.55586925e-01 -2.94800563e-01 0.00000000e+00
 -7.16686505e-01 -3.66156485e-01 0.00000000e+00
 -8.77707518e-01 2.72643054e-01 0.00000000e+00
 -1.01348306e+00 9.52933026e-01 0.00000000e+00
 4.47584491e-01 -1.02771457e+00 0.00000000e+00
 -1.58253380e+00 4.80485791e-01 0.00000000e+00
 -1.09354987e+00 -4.09256443e-01 0.00000000e+00
 -4.53266719e-01 -2.07696334e-01 0.00000000e+00
 2.24567533e+00 2.02188574e+00 0.00000000e+00
 -4.37840203e-02 5.38447118e-01 0.00000000e+00
 -9.70961256e-01 -9.50356321e-01 0.00000000e+00
 2.04040061e-01 1.79496107e-01 0.00000000e+00
 1.51908667e+00 3.75902137e-01 0.00000000e+00
 -8.08403360e-01 -3.99491916e-01 0.00000000e+00
 -1.01044691e+00 1.39094469e-01 0.00000000e+00
 7.10593692e-01 -3.54368827e-01 0.00000000e+00
 -1.05426021e+00 1.46060980e+00 0.00000000e+00
 3.50588662e-01 1.59900025e+00 0.00000000e+00
 9.04593573e-01 -1.38227580e+00 0.00000000e+00
 3.75985802e-01 1.73424989e-01 0.00000000e+00
 1.09325136e+00 1.74362670e-01 0.00000000e+00
 8.86024072e-01 -3.22632362e-02 0.00000000e+00
 6.71308588e-01 1.96881543e-01 0.00000000e+00
 -1.05506362e+00 2.77031318e+00 0.00000000e+00
 2.64700978e-01 7.41957593e-01 0.00000000e+00
 -8.82104135e-01 -8.03811255e-01 0.00000000e+00
 6.02131544e-01 9.07861737e-01 0.00000000e+00
 8.84969170e-02 1.11184307e+00 0.00000000e+00
 1.65585593e+00 -5.81018127e-01 0.00000000e+00
 -5.03284441e-01 -7.63649468e-01 0.00000000e+00
 -6.46313615e-01 -8.50295249e-01 0.00000000e+00
 4.19950088e-01 1.40180350e+00 0.00000000e+00
 1.59737691e+00 1.76660997e+00 0.00000000e+00
 -1.61752362e-01 4.75199078e-01 0.00000000e+00
 1.96495396e-02 -1.61455897e+00 0.00000000e+00
 -3.82618343e-01 -2.59725146e-01 0.00000000e+00
 -1.47925978e-01 2.47267152e-01 0.00000000e+00
 -3.61685763e-01 3.58596211e-02 0.00000000e+00
 -2.71924139e-02 3.22299755e-01 0.00000000e+00
 1.01423380e+00 -6.67041620e-01 0.00000000e+00
 1.84193795e+00 -2.71386124e+00 0.00000000e+00
 -2.02098295e+00 -1.01643521e+00 0.00000000e+00
 5.09569199e+00 3.45531145e+00 1.00000000e+00
 4.82849626e+00 4.56560989e+00 1.00000000e+00
 6.30685488e+00 5.78257809e+00 1.00000000e+00
 4.36993453e+00 5.70217405e+00 1.00000000e+00
 7.54082990e+00 5.11796426e+00 1.00000000e+00
 4.54862559e+00 4.76510661e+00 1.00000000e+00
 4.93044554e+00 3.89973618e+00 1.00000000e+00
 4.74655642e+00 4.75170123e+00 1.00000000e+00
 5.77977026e+00 2.88369870e+00 1.00000000e+00
 6.32506637e+00 5.69290080e+00 1.00000000e+00
 3.95970545e+00 5.55187060e+00 1.00000000e+00
 6.48067336e+00 7.60492050e+00 1.00000000e+00
 3.97262106e+00 7.31331840e+00 1.00000000e+00
 3.98368568e+00 4.52541316e+00 1.00000000e+00
 5.61832454e+00 3.66511844e+00 1.00000000e+00
 3.64657344e+00 4.55858757e+00 1.00000000e+00
 6.12307500e+00 4.58511377e+00 1.00000000e+00
 3.77707493e+00 5.85515027e+00 1.00000000e+00
 3.47566197e+00 4.33074494e+00 1.00000000e+00
 4.84285354e+00 5.28844155e+00 1.00000000e+00
 5.51591741e+00 5.36562919e+00 1.00000000e+00
 4.97859381e+00 7.58412296e+00 1.00000000e+00
 4.55721449e+00 6.72351643e+00 1.00000000e+00
 5.75743789e+00 6.19282174e+00 1.00000000e+00
 5.15456674e+00 5.01291891e+00 1.00000000e+00
 3.89919942e+00 4.31170136e+00 1.00000000e+00
 3.46353944e+00 6.16060947e+00 1.00000000e+00
 4.24710964e+00 5.72980869e+00 1.00000000e+00
 4.98764726e+00 3.35026638e+00 1.00000000e+00
 5.42657393e+00 4.05840106e+00 1.00000000e+00
 5.00712677e+00 4.08184600e+00 1.00000000e+00
 5.27774763e+00 5.19803905e+00 1.00000000e+00
 4.69815860e+00 3.89015877e+00 1.00000000e+00
 4.56610932e+00 3.75156010e+00 1.00000000e+00
 4.02901506e+00 5.08477091e+00 1.00000000e+00
 4.80161631e+00 6.63938024e+00 1.00000000e+00
 5.80383263e+00 6.07751263e+00 1.00000000e+00
 4.99477065e+00 3.72502631e+00 1.00000000e+00
 5.44866269e+00 5.10368680e+00 1.00000000e+00
 5.04847373e+00 5.26557475e+00 1.00000000e+00
 4.10593490e+00 5.00402482e+00 1.00000000e+00
 4.35972659e+00 4.47698067e+00 1.00000000e+00
 6.61678893e+00 4.68713717e+00 1.00000000e+00
 4.84258904e+00 5.46537032e+00 1.00000000e+00
 5.04398023e+00 4.12512852e+00 1.00000000e+00
 3.28113682e+00 4.12046186e+00 1.00000000e+00
 4.45539493e+00 4.16943001e+00 1.00000000e+00
 4.81917401e+00 2.99839966e+00 1.00000000e+00
 2.94197254e+00 4.21504445e+00 1.00000000e+00
 4.80240474e+00 4.38725044e+00 1.00000000e+00
 5.84677545e+00 5.50353193e+00 1.00000000e+00
 3.62922231e+00 4.43414716e+00 1.00000000e+00
 5.28798090e+00 6.34609381e+00 1.00000000e+00
 4.61345747e+00 2.95630040e+00 1.00000000e+00
 5.34694741e+00 5.42717233e+00 1.00000000e+00
 6.20552540e+00 3.48650805e+00 1.00000000e+00
 4.93852254e+00 4.86981247e+00 1.00000000e+00
 5.53439819e+00 3.39335029e+00 1.00000000e+00
 5.00290770e+00 5.15443186e+00 1.00000000e+00
 4.85214941e+00 6.57671838e+00 1.00000000e+00
 4.35418140e+00 5.05444955e+00 1.00000000e+00
 5.88800224e+00 5.39525662e+00 1.00000000e+00
 6.39569185e+00 4.21191245e+00 1.00000000e+00
 4.86618689e+00 6.03193763e+00 1.00000000e+00
 3.59312402e+00 3.04821695e+00 1.00000000e+00
 4.82066566e+00 3.93567420e+00 1.00000000e+00
 3.86492128e+00 5.49136234e+00 1.00000000e+00
 3.44426258e+00 2.04673056e+00 1.00000000e+00
 3.87614633e+00 4.65241756e+00 1.00000000e+00
 5.64828080e+00 4.51125535e+00 1.00000000e+00
 6.54355480e+00 7.85964071e+00 1.00000000e+00
 2.59456831e+00 4.52592603e+00 1.00000000e+00
 3.76411174e+00 3.51703266e+00 1.00000000e+00
 1.72545797e+00 4.48713283e+00 1.00000000e+00
 3.16279399e+00 5.11734082e+00 1.00000000e+00
 6.67425453e+00 4.06190699e+00 1.00000000e+00
 4.03083225e+00 5.06124365e+00 1.00000000e+00
 3.69693457e+00 5.29611403e+00 1.00000000e+00
 4.67567333e+00 5.25998957e+00 1.00000000e+00
 5.29847434e+00 3.97690688e+00 1.00000000e+00
 4.15456977e+00 5.77993167e+00 1.00000000e+00
 5.40856133e+00 4.91602340e+00 1.00000000e+00
 3.43639043e+00 4.46569862e+00 1.00000000e+00
 6.19604798e+00 2.83278300e+00 1.00000000e+00
 5.08523431e+00 4.65931768e+00 1.00000000e+00
 4.15549535e+00 4.53341653e+00 1.00000000e+00
 3.69156428e+00 4.08037302e+00 1.00000000e+00
 5.53448423e+00 2.50351107e+00 1.00000000e+00
 3.89307879e+00 3.91959510e+00 1.00000000e+00
 4.58594919e+00 5.94159411e+00 1.00000000e+00
 4.50868884e+00 7.75889023e+00 1.00000000e+00
 6.05775592e+00 4.95331487e+00 1.00000000e+00
 4.16303887e+00 6.52231205e+00 1.00000000e+00
 4.42165008e+00 5.52547589e+00 1.00000000e+00
 7.28877564e+00 6.08867070e+00 1.00000000e+00
 3.74331584e+00 3.75084204e+00 1.00000000e+00
 3.38405706e+00 6.13212417e+00 1.00000000e+00
 4.65602017e+00 5.83655109e+00 1.00000000e+00
 5.25466638e+00 4.97077700e+00 1.00000000e+00
 6.56056016e+00 3.93548097e+00 1.00000000e+00
